46
75
183
299
397
791
869
881
217
604
996
423
15
14
184
303
541
106
184
426
588
150
422
906
390
742
881
995
105
258
862
946
45
282
902
41
1
694
85
823
931
732
498
550
147
744
779
114
345
541
686
792
9
183
397
791
869
881
544
627
47
184
333
428
541
571
663
823
931
962
823
686
777
812
777
334
799
1016
139
198
522
184
199
206
324
370
428
663
944
371
37
597
839
20
73
303
541
844
443
949
601
184
203
292
414
948
379
538
825
483
251
168
184
657
1005
184
168
184
1005
95
284
56
26
626
232
453
608
370
381
389
568
976
219
277
537
595
702
752
866
881
346
866
134
136
184
1005
701
590
322
183
188
190
9
75
182
183
188
190
339
397
706
791
869
881
18
23
85
102
121
134
135
136
168
199
206
211
219
276
303
333
335
339
379
385
395
428
437
441
541
555
585
615
653
654
663
706
761
777
780
837
883
923
940
973
985
1005
182
183
190
182
183
188
98
783
102
184
206
219
277
318
324
370
428
663
702
944
123
292
102
184
199
324
370
428
663
944
184
349
834
777
259
463
12
559
604
996
164
184
199
269
277
318
702
899
277
318
702
614
621
934
666
328
293
154
259
683
938
946
981
835
701
990
539
259
906
288
391
323
668
839
133
37
216
232
247
784
906
964
981
691
383
595
613
288
379
540
219
277
318
702
899
615
766
272
308
865
271
308
865
744
184
303
447
562
985
164
199
219
220
269
318
702
899
391
897
938
482
41
635
142
421
457
249
265
367
479
123
203
230
418
750
924
938
9
397
791
869
914
18
114
184
276
541
683
938
985
817
412
271
272
506
360
199
219
220
269
277
702
899
180
250
102
199
206
370
428
663
944
614
229
363
371
437
438
702
884
433
450
85
184
428
663
94
799
1016
184
409
733
183
184
706
73
839
165
866
212
740
896
317
404
328
438
523
659
288
102
162
199
206
324
381
389
428
568
663
934
944
103
328
438
831
996
672
727
379
423
605
778
764
765
126
184
267
374
423
778
785
162
370
389
568
263
461
456
184
162
370
381
568
31
742
1011
249
278
506
927
825
423
184
940
9
75
183
299
791
869
881
934
360
523
832
338
540
874
305
124
948
430
294
285
29
13
374
379
394
778
25
588
448
85
102
184
199
206
324
333
370
663
681
790
944
417
596
678
686
331
184
328
448
328
363
371
985
184
459
115
949
276
916
427
437
332
158
384
287
441
383
216
479
549
980
969
288
463
516
549
946
281
130
963
52
842
570
314
391
520
925
883
994
606
479
946
506
100
366
408
629
641
832
845
164
128
940
246
268
411
946
18
73
85
114
184
303
730
923
938
997
1013
76
603
463
479
621
940
53
184
850
217
996
276
162
370
381
389
504
85
664
583
739
656
574
874
184
25
426
176
666
813
851
938
997
164
264
431
105
676
1012
118
544
12
217
996
374
514
161
959
264
224
325
184
270
766
618
225
549
621
917
934
695
623
151
77
523
638
634
857
635
855
630
283
631
855
994
701
629
523
832
674
921
802
984
184
184
705
578
134
366
958
1002
1003
991
85
102
184
199
206
324
333
370
428
944
573
701
227
590
851
250
372
981
647
597
1012
432
686
428
790
232
303
74
87
432
678
777
792
812
262
46
622
759
831
867
171
236
636
665
164
199
219
220
269
277
318
328
899
655
871
975
183
184
339
720
710
810
372
987
541
862
793
50
338
823
883
577
897
354
31
390
71
275
297
164
819
696
831
184
375
765
375
764
270
615
820
87
88
184
215
686
812
947
374
379
423
71
184
198
259
906
989
379
830
428
681
9
75
183
299
397
869
881
986
74
686
731
94
334
1016
937
652
823
984
722
87
686
777
590
304
753
773
970
47
85
86
733
802
931
128
392
940
786
942
371
696
759
408
523
641
212
233
184
105
250
345
940
503
114
531
555
590
666
631
635
990
630
858
894
857
894
37
730
271
272
164
165
346
697
9
75
183
299
397
791
881
705
411
583
968
9
33
75
164
183
397
791
869
184
510
733
994
329
895
857
858
887
357
278
739
973
219
269
277
318
702
918
1012
41
29
247
259
784
912
926
992
907
926
992
301
447
621
901
1012
647
184
541
297
507
907
912
992
391
47
85
823
225
370
400
621
801
232
278
298
303
541
590
997
184
396
538
549
827
839
830
102
199
206
324
370
428
663
37
232
479
516
540
777
124
414
115
443
660
1002
609
85
485
259
981
874
470
821
973
184
898
972
705
163
463
232
259
672
964
652
802
184
276
303
438
791
729
784
238
856
661
907
912
926
510
635
883
35
12
217
371
559
604
541
590
938
660
958
660
134
136
168
184
390
597
676
901
918
542
94
334
799
309
391
733
271
447
652
746
802
9
33
75
89
164
165
183
397
473
791
866
869
881
315
929
73
85
114
184
333
345
428
541
663
839
931
328
965
98
142
284
786
830
751
276
447
791
986
511
754
676
267
178
232
220
277
318
702
228
259
497
270
615
766
438
985
252
981
267
492
219
220
277
318
702
433
619
777
934
80
85
82
239
556
295
295
209
199
864
221
163
976
102
199
206
232
324
370
428
663
683
944
946
479
730
830
578
656
265
157
432
678
686
151
626
579
629
119
232
268
475
759
946
541
938
997
294
230
293
294
544
990
910
432
678
686
13
423
812
888
267
691
1008
257
348
666
596
965
102
199
206
212
213
247
324
349
370
428
663
906
944
219
225
269
277
318
702
899
427
448
223
379
839
24
199
219
220
269
277
318
702
899
485
791
986
843
184
219
269
277
318
379
423
485
702
730
778
899
590
739
832
37
70
361
537
343
621
26
746
740
98
830
934
374
733
883
296
863
370
384
431
456
541
934
344
676
485
590
666
751
904
639
77
962
354
740
259
559
784
906
989
400
2
960
967
785
285
166
184
50
304
330
732
817
338
328
362
874
935
304
554
817
94
334
799
1016
41
48
343
621
753
819
134
212
391
366
184
653
654
157
463
754
767
975
299
100
504
506
520
570
821
621
85
536
133
251
389
328
867
805
457
927
43
184
883
24
164
199
219
220
269
277
318
702
899
785
854
883
219
277
318
702
18
184
303
541
923
463
479
549
940
85
114
184
333
428
663
341
965
126
379
301
914
76
544
607
555
850
647
134
953
184
249
328
371
438
661
702
843
856
990
676
72
303
541
777
938
705
458
243
37
299
319
593
849
360
4
873
184
345
89
126
184
374
379
423
629
778
13
184
423
43
739
897
899
140
184
653
654
523
832
184
276
303
861
965
985
1003
162
370
381
389
568
50
304
330
732
817
205
31
73
114
193
541
889
289
291
423
778
47
85
86
571
823
931
267
791
986
341
510
883
88
174
369
219
277
318
400
702
934
1003
457
199
267
538
549
940
249
343
621
300
391
985
199
502
184
276
303
985
914
199
865
767
295
208
708
785
267
134
168
1005
777
449
746
906
935
371
836
142
284
990
22
303
332
450
110
58
898
973
898
85
332
450
110
881
892
110
122
745
352
307
549
644
147
225
621
934
297
581
94
334
799
1016
94
334
689
799
1016
144
624
625
250
541
51
461
470
583
969
205
105
758
857
164
752
265
288
655
705
117
9
33
75
183
397
791
869
881
213
596
48
374
605
391
767
59
495
564
960
73
303
549
620
683
940
996
784
542
1013
564
85
372
727
41
371
564
784
407
262
344
835
962
119
268
278
391
438
493
536
946
278
270
615
766
162
370
381
389
568
590
64
345
100
361
803
384
456
157
423
778
791
986
1006
102
199
206
324
370
428
663
944
29
73
114
250
345
541
839
844
931
938
940
997
263
881
652
705
802
830
984
344
88
119
485
897
954
963
100
184
286
242
271
272
590
981
164
165
346
866
37
105
509
523
641
832
854
898
973
31
199
219
277
318
390
702
362
561
888
9
75
88
164
183
278
328
397
537
661
702
768
777
791
869
881
184
271
272
673
401
997
806
267
274
26
150
546
411
97
271
272
865
47
85
86
571
823
931
621
778
184
391
927
463
100
438
676
184
268
391
541
576
636
983
962
184
267
305
463
775
980
73
114
184
473
541
661
746
913
923
184
865
94
334
689
799
1016
451
87
124
414
686
777
812
948
666
389
180
322
134
990
267
537
709
864
268
379
423
541
730
778
938
997
997
381
988
880
777
857
858
894
438
590
845
940
423
345
839
276
829
941
270
615
766
704
212
318
835
1012
24
164
219
269
277
318
702
752
899
76
85
86
114
823
491
1013
9
75
183
299
397
791
869
881
370
934
270
615
766
880
376
529
402
935
184
823
31
390
742
94
334
799
1016
689
791
391
140
289
338
549
616
620
940
303
621
1014
288
513
263
540
445
466
559
800
451
164
198
226
866
555
850
566
745
851
47
85
86
823
931
199
880
903
365
88
548
47
85
86
571
823
931
29
549
940
758
839
647
159
160
439
958
340
366
990
31
114
184
347
683
994
851
271
272
830
98
238
856
990
267
31
390
100
345
523
650
102
199
206
324
370
428
663
681
790
944
541
389
254
264
410
613
362
157
184
271
272
739
11
366
479
862
967
1012
243
85
962
283
463
635
980
898
973
822
562
48
37
224
278
506
676
749
164
752
294
681
790
368
508
164
184
752
299
597
676
1012
262
87
215
686
777
812
590
813
661
345
839
879
184
981
289
852
167
747
826
751
572
40
106
133
235
526
943
914
216
259
319
914
422
802
913
232
278
379
438
485
683
759
778
845
946
985
37
258
666
466
879
305
67
184
973
184
839
748
303
683
256
475
651
102
428
663
944
100
276
652
802
881
984
164
549
683
321
447
485
830
916
676
753
9
75
77
183
299
397
627
791
869
881
431
596
786
830
965
114
184
303
541
590
636
813
923
89
406
438
881
621
371
124
414
948
37
661
163
976
590
666
904
423
78
89
126
374
379
423
778
249
379
590
345
523
873
831
379
785
37
275
328
506
520
828
119
965
88
660
958
1002
1
46
694
371
999
554
504
570
879
184
283
916
600
740
595
232
946
283
567
629
635
447
485
497
132
336
502
901
918
1012
686
87
686
777
812
595
975
730
212
619
834
861
965
677
897
162
370
381
389
568
328
864
184
305
412
222
802
389
901
1012
132
418
345
381
538
940
621
303
541
590
641
832
938
997
374
379
423
778
271
272
212
830
834
305
827
262
597
676
1012
718
881
897
718
9
75
183
299
397
791
869
881
934
29
422
184
305
412
93
87
686
777
812
584
72
271
411
164
752
164
184
24
925
981
856
907
912
926
990
992
279
221
347
196
37
88
479
802
47
823
1008
396
823
930
448
621
553
963
920
164
752
275
647
744
913
170
523
139
31
390
408
650
295
133
209
878
381
829
829
559
825
366
510
733
883
700
73
114
541
946
316
392
825
304
817
590
813
929
100
1014
457
901
1012
374
379
423
778
963
160
897
672
981
660
958
1002
1003
527
212
834
848
232
759
875
946
184
249
417
430
767
264
595
184
896
973
276
371
784
666
791
986
538
922
940
702
559
800
249
32
326
384
456
525
37
105
946
938
184
541
923
661
991
328
363
438
469
830
836
9
33
75
164
165
183
397
473
791
866
869
881
134
157
457
645
621
823
990
232
278
232
163
976
71
738
744
938
997
94
334
799
199
163
976
212
213
349
527
965
262
528
691
861
965
861
750
448
162
370
381
389
568
737
661
264
184
267
316
537
555
850
621
116
846
831
734
362
577
739
785
897
249
411
439
463
670
802
791
836
105
81
621
114
636
248
814
57
691
94
334
799
263
636
701
759
676
786
830
309
822
341
312
835
371
71
779
48
100
705
128
457
538
681
790
922
946
438
265
655
705
808
681
790
330
249
744
506
520
676
696
821
930
184
250
538
541
839
940
177
541
665
701
938
997
38
394
82
556
556
506
520
578
624
625
925
938
622
479
297
750
436
681
790
85
270
615
766
180
322
345
391
865
37
616
862
506
520
411
995
309
689
280
112
275
744
655
705
184
76
740
681
790
43
244
806
184
785
225
930
394
37
258
366
479
590
938
997
457
830
57
163
373
142
284
379
831
938
963
164
752
24
219
269
277
318
702
899
37
596
825
218
691
394
828
204
859
276
845
87
371
888
341
154
962
981
112
758
835
660
958
1002
1003
961
391
466
94
334
689
799
262
164
165
346
595
866
297
750
924
669
396
823
934
115
443
949
73
423
479
778
67
457
94
334
689
799
907
912
926
992
934
85
823
438
985
221
19
100
103
303
328
371
438
784
881
913
239
114
224
883
934
841
769
864
903
117
48
134
164
752
829
371
881
438
985
304
817
483
506
520
83
362
144
241
102
428
542
663
944
1013
164
752
105
250
345
839
880
940
510
635
883
993
994
83
184
370
669
769
934
690
590
938
997
1
232
438
590
938
997
87
686
777
812
5
410
180
322
438
134
249
631
635
855
865
925
985
106
366
659
778
963
963
622
950
112
198
466
501
612
629
633
638
800
108
127
128
457
270
615
766
304
817
221
279
100
371
151
626
330
990
854
884
31
151
199
219
276
277
303
318
390
466
509
683
702
800
31
390
527
557
247
259
784
906
535
657
677
164
537
831
963
59
629
888
887
594
184
965
981
857
858
894
184
180
322
87
548
686
777
812
103
164
219
277
702
739
349
349
743
276
683
164
184
506
88
275
288
946
299
687
561
102
199
206
324
370
428
663
944
212
834
806
26
150
184
789
219
277
318
702
874
888
968
538
862
940
102
199
206
324
370
428
663
944
422
151
466
509
537
119
232
759
875
946
184
537
683
250
438
105
597
847
463
289
506
520
818
162
370
381
389
568
758
124
414
948
89
374
379
423
778
48
37
264
298
319
857
938
184
798
997
184
653
654
751
997
41
777
883
184
652
523
881
366
523
577
400
26
150
648
818
590
702
981
597
676
1012
265
985
529
134
865
935
289
304
817
148
32
250
153
621
593
885
105
612
629
638
983
184
250
437
538
695
758
839
940
210
457
966
58
121
433
889
344
347
121
212
834
450
537
423
433
886
907
912
926
992
990
619
777
860
103
371
996
746
70
154
457
786
553
851
419
472
170
851
411
583
874
968
85
541
800
1008
738
876
94
334
799
982
344
29
166
319
538
683
31
232
438
683
827
938
249
391
447
705
916
828
328
438
438
199
715
202
950
94
334
799
94
334
799
467
303
985
285
303
913
56
147
660
958
1002
705
705
447
529
848
843
163
976
660
958
1002
1003
1001
371
184
184
276
303
541
923
985
161
597
608
676
1012
124
414
948
48
581
219
277
318
372
672
702
712
962
597
676
1012
219
277
318
368
702
368
432
678
686
31
88
234
683
800
802
276
9
19
33
75
89
164
165
183
371
397
473
661
702
784
791
866
869
881
913
696
408
523
832
636
743
81
391
927
184
624
635
636
513
85
86
312
823
609
629
959
124
414
948
201
270
615
766
925
925
957
212
803
834
836
957
372
727
411
934
700
881
88
537
67
249
595
740
962
447
777
963
791
768
69
437
448
940
184
848
830
328
438
305
629
695
559
800
990
184
837
191
184
184
277
333
401
423
778
134
134
168
184
185
188
1005
184
191
441
23
184
94
102
134
184
185
199
206
212
324
334
349
370
385
428
555
653
663
799
944
182
183
188
190
1
46
694
822
619
283
354
740
85
621
37
275
767
830
12
217
604
996
236
44
44
569
328
73
114
250
541
830
839
940
983
276
865
476
538
549
940
914
221
1009
616
630
857
177
437
438
541
665
701
827
938
997
71
466
538
705
744
871
360
366
383
778
216
319
888
73
758
73
345
162
370
381
389
568
184
437
963
224
614
164
752
700
184
374
379
423
628
778
881
88
859
232
184
85
316
880
275
596
270
615
766
828
221
134
168
1005
148
777
39
821
43
164
199
219
220
269
277
318
702
899
184
219
277
318
702
374
791
305
412
317
360
35
684
995
31
199
390
71
275
744
779
9
75
134
183
184
299
397
791
869
881
338
338
417
430
791
884
466
328
914
357
577
739
1009
746
916
716
299
67
114
193
301
128
343
621
914
134
168
1005
554
270
615
766
88
164
229
303
328
363
371
437
438
473
507
537
676
702
777
925
527
632
289
291
463
479
549
621
903
940
105
548
865
953
345
661
666
904
916
506
802
535
491
37
224
479
800
830
862
946
919
102
199
206
324
370
428
663
944
209
210
569
428
681
790
276
371
151
345
271
272
541
938
997
661
320
102
199
206
324
370
428
663
681
790
944
56
126
147
379
696
600
48
78
584
216
259
271
463
184
249
411
437
439
463
681
790
527
981
37
232
540
946
58
332
450
867
371
831
683
738
876
962
184
653
654
971
305
412
873
103
37
275
276
562
705
864
37
268
278
946
841
962
299
131
166
463
262
262
927
184
276
303
485
985
485
730
77
1
46
694
661
991
681
790
304
817
184
881
199
85
86
571
823
848
391
463
479
506
549
927
800
29
48
278
897
786
696
759
831
873
24
160
739
962
901
918
1012
390
867
621
78
89
126
184
374
379
423
778
239
199
172
619
276
319
130
483
752
759
791
997
267
394
423
64
901
918
1012
470
969
218
85
186
709
472
154
3
157
117
328
411
437
438
184
437
461
963
98
423
778
41
44
45
569
1008
249
391
18
303
541
938
615
354
740
259
50
330
732
48
947
424
13
219
220
277
318
702
554
506
520
722
810
371
830
940
391
37
258
366
786
830
646
785
482
876
528
536
686
801
937
232
391
510
549
683
733
800
938
304
817
24
657
77
746
652
750
270
615
766
249
506
520
676
811
328
438
676
5
410
458
543
371
444
1009
752
3
357
354
740
151
353
778
268
541
142
284
432
678
686
432
678
686
162
423
778
659
908
542
1013
163
976
31
307
390
527
800
881
80
529
707
743
787
71
113
275
367
392
510
516
744
767
800
825
862
897
941
154
355
784
263
157
184
271
272
308
379
423
778
802
823
777
394
423
644
48
142
284
830
981
128
990
610
803
134
168
184
1005
134
541
590
666
851
315
102
294
614
573
664
85
827
940
134
990
374
778
64
744
756
477
730
485
962
114
428
668
428
663
944
303
683
985
653
990
182
389
199
259
239
19
239
314
299
627
696
113
791
978
971
990
18
303
541
9
75
183
299
397
791
869
881
184
630
857
199
463
479
549
683
303
541
590
666
813
938
234
184
267
634
638
101
612
435
635
739
874
897
111
94
334
799
9
212
213
244
299
349
397
791
869
538
134
657
776
990
102
184
199
206
324
370
428
663
944
37
447
267
990
31
114
193
683
800
389
592
221
650
551
199
549
224
614
267
379
537
353
857
256
160
85
506
477
434
450
263
418
43
88
447
493
696
759
831
916
887
661
913
990
991
110
815
862
203
348
621
314
457
506
510
994
555
850
125
225
535
37
88
535
537
777
510
993
994
298
645
812
938
963
134
854
702
362
184
211
276
463
472
561
46
694
504
570
306
442
511
519
770
899
791
50
732
164
653
654
881
537
285
535
267
291
149
361
362
803
898
973
305
412
854
152
381
463
980
597
676
1012
134
990
237
362
394
9
75
88
164
183
328
394
397
537
661
702
777
791
869
879
881
852
686
276
1012
24
943
223
223
831
841
24
219
269
277
318
702
899
184
262
312
99
100
549
609
275
739
475
171
374
423
453
778
472
537
649
725
340
506
520
31
683
597
676
1012
708
961
825
151
32
394
962
212
213
349
661
990
275
881
935
997
695
265
466
17
653
654
778
739
897
78
51
121
411
574
583
874
225
621
934
661
759
991
438
676
163
976
309
362
636
899
746
931
931
360
634
157
391
1000
267
379
61
56
102
147
276
562
312
184
199
219
220
277
318
702
227
666
831
903
222
252
933
100
1012
1006
655
705
157
479
791
946
986
864
105
369
538
839
372
672
898
973
1008
830
208
463
262
134
58
428
681
790
87
686
777
812
9
75
183
397
791
869
881
316
345
683
410
12
217
604
996
8
371
460
504
570
841
831
737
267
44
569
990
184
85
299
801
937
102
752
278
391
493
506
897
88
234
472
540
162
389
366
64
590
474
73
105
832
839
147
225
738
53
550
137
519
267
841
85
501
883
851
101
263
540
203
590
705
1008
88
234
493
800
802
235
77
235
417
430
696
800
268
862
304
817
579
540
574
583
877
158
453
622
319
367
670
184
276
303
410
985
360
381
590
184
268
278
677
802
636
212
791
834
234
800
873
382
105
581
785
436
523
832
239
863
154
232
278
288
391
493
800
897
938
37
258
594
830
852
853
537
590
7
371
472
199
661
366
54
981
888
1009
500
366
488
659
366
659
362
88
537
941
184
423
778
734
410
425
749
249
447
749
898
973
31
303
541
683
800
48
617
436
982
696
759
831
1004
589
348
741
37
616
862
87
686
777
812
337
22
37
224
275
479
614
621
743
830
946
134
851
953
9
299
397
791
869
9
75
183
397
791
869
881
653
654
105
239
800
836
225
88
537
223
485
701
881
750
198
9
75
183
299
397
791
869
881
71
275
562
744
726
836
857
858
894
311
62
288
880
567
746
826
768
590
596
561
581
146
252
555
850
250
425
199
219
277
318
702
360
883
35
119
171
676
903
818
427
448
549
940
294
666
435
857
528
593
267
610
325
294
621
438
874
985
432
678
686
666
230
293
294
184
37
105
151
626
990
371
295
857
691
182
389
578
656
268
394
827
940
516
537
946
653
654
219
277
536
681
702
790
831
848
199
485
184
436
541
661
160
98
864
661
362
437
224
614
157
37
268
278
438
506
540
541
590
701
845
938
946
997
990
1014
310
303
683
276
647
201
270
615
766
457
541
730
838
119
271
272
288
739
203
217
559
635
791
881
954
986
996
653
654
270
615
766
31
390
71
744
779
65
78
184
374
379
423
778
17
939
679
593
963
705
1
46
694
534
85
86
571
823
148
232
214
821
786
830
267
733
883
549
184
881
897
117
100
523
76
276
907
912
926
992
164
776
615
164
752
752
1012
232
390
728
759
946
304
305
412
817
151
626
162
370
381
389
568
669
128
538
271
272
865
250
839
864
199
219
277
318
702
245
617
362
791
311
360
661
913
164
906
366
491
479
33
164
881
88
112
267
730
232
259
831
981
531
831
845
102
162
199
206
260
324
370
381
389
428
663
669
803
944
328
457
769
482
225
506
298
938
839
102
428
663
944
216
319
88
164
303
328
363
371
437
438
473
507
537
676
777
925
18
303
541
938
29
307
634
865
157
295
745
304
817
529
396
387
47
84
85
86
209
823
883
931
1008
578
656
9
75
183
299
397
791
869
881
239
105
348
71
744
590
791
986
116
138
812
100
37
88
423
538
635
940
184
295
693
48
754
49
734
341
602
578
656
590
69
157
224
271
447
497
534
777
965
981
549
394
241
40
552
379
423
778
802
823
184
260
267
1012
164
752
461
303
541
938
713
839
232
328
437
438
448
701
705
827
938
985
55
554
622
695
37
328
702
469
830
85
541
784
379
423
778
791
952
986
899
981
17
777
69
33
164
746
881
46
625
951
983
225
621
934
328
411
438
473
874
501
883
1008
294
461
557
263
457
523
641
832
1012
553
157
562
164
165
346
866
990
653
654
653
654
754
771
703
232
276
303
683
119
919
777
888
371
864
315
666
223
379
831
963
309
946
134
168
1005
222
292
597
676
990
1012
549
699
951
965
899
975
552
778
997
157
265
538
655
705
593
881
381
738
268
283
635
114
722
810
223
953
621
652
291
270
615
766
48
199
259
738
594
883
1004
236
249
265
391
549
701
134
631
635
645
855
74
686
792
881
88
907
912
926
992
199
219
277
318
702
839
48
51
362
379
583
590
661
702
372
727
278
391
493
945
24
219
277
318
702
9
75
88
164
183
328
371
397
438
473
537
661
702
777
791
843
869
881
728
232
391
437
438
506
705
827
927
935
938
777
31
232
276
303
391
549
683
800
938
865
264
58
786
57
239
370
934
212
830
834
344
734
305
412
371
981
71
744
501
299
758
225
270
615
766
901
918
1012
537
946
473
299
425
65
633
87
215
686
777
812
157
417
430
457
128
164
184
199
219
220
269
277
318
466
475
538
596
647
702
898
899
973
881
28
76
873
990
479
830
852
853
501
391
739
271
272
308
590
938
997
493
267
836
236
316
463
647
701
99
100
371
257
133
383
162
370
381
389
568
629
76
184
209
338
374
379
423
778
216
259
463
366
659
888
901
918
1012
983
37
105
156
244
618
511
824
463
980
979
88
103
164
229
303
328
363
371
437
438
473
537
676
702
777
866
88
100
103
112
224
229
328
371
537
577
614
791
831
985
906
975
554
36
731
793
9
75
183
299
397
791
869
881
738
513
407
249
439
689
24
24
25
426
588
384
456
580
158
453
514
606
701
25
426
588
843
374
379
423
777
778
27
364
586
115
443
949
539
13
812
162
370
381
389
568
726
946
975
343
134
168
1005
94
334
689
799
861
453
169
268
437
438
448
184
579
19
103
328
371
438
784
996
463
67
340
184
123
203
292
417
935
379
552
739
831
460
87
686
777
812
164
752
162
370
381
389
568
163
976
702
821
164
394
537
184
303
438
537
676
702
881
661
726
417
430
549
940
90
115
443
949
369
538
848
859
151
466
509
985
61
457
288
290
479
510
883
76
738
276
265
856
990
32
326
384
456
525
74
686
792
94
334
689
799
97
427
448
142
284
460
946
328
371
438
199
219
277
318
702
85
86
312
823
141
326
466
629
738
590
57
301
290
647
559
457
711
647
869
1
46
914
328
371
438
791
831
861
965
997
344
133
394
423
536
394
647
394
538
940
119
232
328
371
438
475
683
759
875
946
184
709
811
861
965
981
1003
366
184
718
345
839
184
777
1009
982
199
457
184
1008
85
823
1008
463
114
303
541
705
1
46
694
102
428
663
944
212
213
349
832
184
88
889
758
10
23
758
758
802
823
162
370
381
389
568
849
301
506
1004
862
407
408
85
88
271
272
493
161
184
259
379
438
457
608
881
981
134
168
555
850
1005
484
9
75
183
299
397
791
869
881
157
291
791
986
305
681
199
219
220
277
318
702
76
33
89
164
881
291
527
596
97
911
65
633
264
447
391
506
927
504
570
661
997
938
276
562
758
328
438
423
199
219
236
277
278
318
367
391
683
701
702
800
941
650
103
134
177
178
232
278
276
990
513
888
73
142
184
284
128
508
538
391
533
448
636
784
989
655
705
975
554
536
140
448
428
681
790
990
69
503
842
115
286
443
949
466
100
438
758
881
134
184
249
328
437
631
635
855
865
985
18
114
303
541
892
831
864
892
399
85
86
571
823
85
571
671
438
549
758
178
362
73
114
193
541
997
883
117
438
88
48
752
472
157
162
184
898
973
511
888
997
772
61
629
562
217
851
164
752
262
315
438
705
212
791
834
830
942
990
899
71
199
219
225
277
318
420
702
744
784
423
437
448
635
636
134
328
411
437
438
865
446
362
758
835
369
492
692
1009
366
491
731
597
676
1012
338
9
299
397
791
869
966
549
616
940
428
681
790
105
597
718
164
165
346
595
653
654
866
114
31
114
683
115
443
949
442
184
276
303
985
677
259
468
660
958
1002
1003
175
721
947
48
777
199
219
277
318
702
985
69
37
275
786
830
862
786
802
368
640
85
102
199
206
324
370
428
663
944
97
97
911
29
873
506
520
705
328
888
463
980
754
230
217
559
996
473
965
184
360
66
426
872
37
224
614
872
102
199
206
259
324
370
428
663
944
139
374
87
686
777
812
391
927
593
901
918
1012
19
473
784
184
851
473
702
325
614
184
163
976
208
239
287
457
854
123
203
292
310
347
590
428
681
790
873
458
953
457
777
297
924
938
232
366
677
938
232
278
1
78
803
134
168
676
1005
417
430
696
759
831
267
37
224
325
614
1012
492
74
686
792
653
654
88
164
249
447
485
537
777
835
919
267
1014
751
164
752
338
219
267
277
318
372
672
702
981
953
990
479
164
548
825
839
64
19
100
103
303
328
371
438
784
996
309
114
182
183
510
594
733
883
994
740
739
100
357
379
523
353
433
886
58
371
384
423
778
789
126
263
366
659
338
474
589
111
289
676
907
912
926
992
860
105
348
741
366
391
927
990
990
102
196
199
206
212
213
219
277
318
324
349
370
403
428
663
681
702
777
790
944
87
686
777
812
74
686
792
769
730
268
110
353
110
184
201
309
389
223
76
102
199
206
324
370
428
663
944
128
825
43
88
157
503
590
842
802
778
41
276
549
683
733
184
271
940
689
120
362
54
366
184
77
72
457
928
133
597
676
1012
175
371
37
862
24
22
407
786
830
549
661
154
390
291
374
778
914
965
1015
595
841
417
430
162
370
381
389
568
48
801
937
223
244
379
485
831
157
184
485
567
777
881
791
74
686
792
212
213
349
411
888
447
184
219
269
277
289
318
485
702
899
973
249
285
421
1
46
694
990
376
554
19
100
103
297
328
366
371
438
560
590
676
746
784
791
965
887
590
953
990
934
801
937
391
463
980
919
751
164
199
219
220
269
277
318
673
702
899
312
85
931
162
18
37
177
232
278
303
541
590
666
848
938
946
997
157
848
965
286
831
205
317
360
164
791
831
997
463
980
721
102
428
663
944
199
549
621
954
369
224
614
184
219
277
303
318
438
537
676
702
791
288
675
102
184
199
206
324
370
428
663
944
64
371
374
595
319
390
157
552
263
881
590
629
306
762
776
30
371
830
619
97
629
746
232
683
800
938
204
87
686
777
812
954
102
162
381
389
428
663
944
438
935
985
997
328
366
724
17
386
227
666
319
1
46
578
656
694
839
219
220
277
318
702
56
147
538
51
583
371
391
738
822
199
117
212
696
759
777
831
834
102
199
428
663
807
944
31
71
683
744
19
328
438
506
520
276
391
447
738
216
590
938
997
161
227
502
608
666
123
203
292
1009
1012
803
162
370
381
389
568
506
956
581
78
184
374
379
423
778
278
897
353
784
105
597
353
413
558
294
901
918
1012
271
272
308
253
294
418
776
609
610
554
61
127
128
559
714
897
981
738
617
208
134
100
222
479
184
250
538
839
940
983
447
751
873
726
249
328
700
954
463
980
210
411
590
813
199
219
277
318
702
715
485
914
367
941
593
29
41
783
747
31
354
740
567
717
644
873
29
133
184
236
954
676
81
344
653
654
25
426
588
319
102
199
206
324
370
428
663
944
533
835
371
888
946
519
184
379
958
1003
164
752
163
976
767
88
171
537
676
701
702
777
88
506
312
311
947
129
171
423
453
455
857
877
579
485
831
963
216
77
627
660
776
958
1002
1003
102
199
206
324
370
428
663
944
270
615
766
124
414
948
37
423
635
187
67
457
304
817
417
430
696
759
831
184
349
311
947
47
85
86
802
823
931
897
98
198
864
938
304
817
596
366
739
88
303
683
746
985
832
776
374
379
529
557
597
676
1012
883
36
371
372
672
425
581
581
234
123
203
292
102
199
206
324
370
428
663
944
486
487
953
264
475
613
420
903
791
986
362
552
791
997
265
967
1009
223
366
9
75
183
397
791
869
881
374
379
328
438
537
661
702
164
537
56
147
299
587
997
142
284
777
184
865
9
33
75
89
100
183
385
397
742
791
869
881
583
264
806
849
590
813
726
590
813
73
182
184
37
862
89
126
379
319
1009
772
31
536
593
683
846
1
46
578
656
694
584
140
255
303
541
938
171
278
303
366
391
479
541
583
590
813
832
874
938
997
1
46
36
938
275
19
384
364
981
78
803
836
632
549
621
479
825
180
322
380
847
305
412
441
459
321
212
232
247
259
349
672
906
964
981
501
134
192
608
845
830
824
78
126
219
277
318
379
87
686
777
812
384
581
153
278
938
24
153
369
492
865
999
275
898
973
802
256
831
330
24
219
269
277
318
702
864
899
216
831
852
853
775
1012
162
389
669
184
379
423
537
778
428
681
790
956
87
686
777
812
207
97
29
906
7
271
272
371
463
865
184
973
201
394
263
881
271
272
865
100
67
134
168
1005
164
303
328
363
371
437
438
583
676
866
881
232
271
272
466
786
865
983
1013
716
897
621
88
126
730
777
9
299
397
791
869
827
219
269
277
283
318
702
899
647
257
676
374
542
1013
822
447
593
134
185
299
822
13
19
89
100
126
164
208
371
379
423
595
661
742
784
1009
270
615
766
87
686
777
812
78
89
126
374
379
423
778
565
705
105
839
898
973
368
740
304
817
49
390
734
469
836
114
541
636
981
299
1
677
303
985
232
938
802
149
367
784
666
967
938
965
184
907
912
926
992
552
785
854
658
659
619
9
75
183
299
397
791
869
881
457
622
695
326
548
808
854
863
29
133
705
730
963
975
221
371
9
75
183
299
397
791
869
881
998
140
537
888
184
1008
326
249
37
632
862
590
831
848
483
304
817
103
371
883
223
379
681
790
791
986
411
590
119
464
696
759
831
975
24
153
552
466
749
897
97
291
609
331
433
78
184
436
212
213
349
370
609
934
164
752
231
305
26
76
740
164
165
346
866
535
85
449
126
374
379
423
533
778
597
676
1012
267
485
537
740
517
510
883
994
690
408
523
832
408
523
832
784
210
367
941
271
272
308
176
590
153
686
85
86
114
823
883
508
791
19
100
103
328
371
438
479
784
791
986
996
157
447
777
739
48
318
791
903
594
802
883
994
516
82
239
457
508
368
22
202
1003
897
191
184
848
751
653
654
843
283
1009
291
463
863
408
523
641
832
134
184
26
85
962
368
379
88
423
485
537
778
954
535
901
1012
73
535
752
371
784
965
996
1003
37
85
105
154
390
493
593
740
705
175
201
65
157
423
702
848
702
267
85
312
541
802
823
271
272
662
859
379
153
24
219
269
277
318
702
899
384
456
963
9
299
397
791
869
9
75
183
397
791
869
881
9
299
397
791
869
629
638
239
105
24
184
516
256
962
207
132
418
224
275
614
549
311
947
271
831
918
463
980
103
749
100
463
538
567
754
752
776
466
74
686
792
309
361
184
236
276
303
903
985
134
168
1005
232
683
759
946
724
773
820
130
265
483
66
153
263
537
1009
769
860
154
232
438
705
786
97
142
284
259
267
672
981
593
862
433
212
834
166
184
162
381
389
897
266
47
85
86
571
823
931
803
199
894
550
1009
946
271
272
534
553
865
954
822
48
857
858
894
119
901
903
1012
184
167
201
113
157
164
184
268
276
303
636
965
985
1
46
694
100
256
1006
319
3
983
235
653
654
738
278
391
493
506
114
540
541
587
590
879
655
705
271
272
157
262
344
184
214
236
31
390
975
533
463
874
276
391
652
802
827
841
940
984
371
758
702
800
472
100
7
9
13
19
33
75
89
164
183
328
371
385
397
423
438
473
661
702
746
784
791
866
869
881
913
991
447
791
916
986
152
463
980
638
846
124
414
948
545
791
37
162
389
447
862
67
3
726
419
85
86
571
823
990
299
676
624
94
334
799
920
123
203
292
160
371
374
476
778
881
23
423
453
423
962
268
934
457
643
330
41
564
803
1
46
369
541
514
606
523
832
294
516
473
41
157
164
537
818
371
460
448
590
25
426
588
881
496
821
294
158
453
514
606
50
330
732
105
597
105
597
291
778
1003
857
858
894
681
790
171
268
278
583
590
874
938
309
580
153
167
167
739
897
695
149
257
538
119
242
710
720
681
790
391
538
927
940
704
97
1
609
832
836
163
976
37
224
371
614
784
32
301
582
153
516
25
426
588
184
171
893
359
582
608
719
249
411
463
524
902
988
391
153
514
606
581
831
142
284
270
615
766
288
417
430
280
979
78
89
126
184
187
374
379
423
778
85
234
268
275
278
391
493
537
946
508
676
811
384
456
384
946
268
278
438
590
701
845
938
514
606
158
384
453
590
854
911
523
567
25
426
588
384
456
366
289
516
625
830
857
858
894
1009
705
897
883
857
858
894
407
702
527
538
965
124
414
948
463
47
85
86
802
823
931
669
305
412
368
105
953
328
438
562
137
263
635
739
881
184
791
78
457
864
975
257
457
864
80
822
289
369
41
305
537
777
831
864
303
541
666
938
504
570
846
88
105
741
371
791
986
996
264
572
854
906
643
891
609
981
299
975
306
379
13
162
381
389
669
102
85
154
162
370
381
389
568
19
100
103
328
371
438
784
996
166
157
1006
419
898
973
503
541
552
661
842
646
739
897
184
638
681
790
595
816
648
184
811
965
981
1003
105
309
140
76
219
277
702
448
493
881
515
163
305
412
976
319
754
36
379
423
778
800
506
194
58
78
497
24
219
277
318
702
87
686
777
812
208
372
727
278
225
278
479
901
270
615
766
888
184
379
423
778
785
841
693
845
268
540
946
953
812
881
883
64
693
897
994
119
268
203
267
383
741
830
953
469
973
37
258
278
897
802
155
629
85
142
284
967
962
794
575
752
642
746
807
999
423
549
940
275
479
368
315
548
123
203
271
272
326
548
808
854
577
142
284
58
105
597
851
162
370
381
389
568
209
377
755
24
219
269
277
318
702
899
963
48
184
87
705
871
554
485
963
805
184
327
347
36
630
857
164
223
552
791
997
31
390
328
437
438
448
541
590
666
24
153
219
269
277
318
702
899
581
617
525
583
590
666
751
904
512
521
384
234
162
267
370
381
389
568
6
541
730
70
883
153
581
384
456
158
453
134
791
194
23
846
97
411
519
990
199
384
456
514
606
580
783
85
87
119
163
686
730
777
812
873
448
184
202
24
597
676
1012
401
865
190
56
147
212
213
349
877
652
309
965
357
896
947
802
103
371
418
676
374
428
681
790
463
980
328
438
433
886
457
692
1015
41
45
902
822
384
223
533
831
400
934
531
660
845
958
1002
1003
24
579
366
558
201
981
158
171
384
453
153
536
658
659
227
485
666
831
100
367
367
184
219
236
269
276
277
303
318
702
899
985
379
552
739
785
267
357
121
861
102
199
206
324
370
428
663
944
581
371
865
134
581
73
182
184
41
184
710
720
865
24
83
880
881
133
730
963
482
288
479
862
962
593
110
110
110
110
87
686
777
812
175
596
158
453
636
701
581
552
636
661
701
739
153
189
597
676
1012
262
384
456
963
516
946
584
171
153
153
447
629
931
98
198
220
277
318
702
85
271
852
853
883
466
305
412
223
954
108
13
164
165
346
423
866
845
1009
219
277
318
702
946
686
653
654
540
88
62
501
157
164
537
590
813
115
443
949
906
184
371
457
962
535
590
813
997
461
800
157
13
89
184
374
379
423
408
523
832
319
263
376
540
597
676
1012
29
423
730
778
61
256
681
790
374
676
809
259
946
184
845
164
752
361
303
683
876
503
842
134
12
217
604
996
802
851
611
990
689
20
106
99
100
238
990
100
684
48
271
272
865
48
164
752
124
414
948
499
830
581
537
268
938
304
817
472
898
973
752
219
271
277
318
702
830
447
705
24
219
269
277
318
702
899
37
102
199
206
224
324
370
428
614
663
681
790
944
831
457
596
239
697
867
37
224
614
184
423
778
419
527
629
549
696
759
831
888
978
426
260
702
199
532
171
453
831
906
105
348
741
374
24
219
277
318
702
644
447
537
164
676
866
9
33
75
183
371
397
746
791
869
881
609
360
139
822
777
61
134
390
841
537
259
1
590
813
717
696
184
255
802
811
965
981
304
817
7
447
916
36
239
861
776
111
965
219
269
277
318
702
899
153
184
230
293
294
830
934
12
217
371
604
996
36
67
210
841
904
835
913
97
506
552
590
983
593
89
126
379
597
676
1012
429
434
434
1
775
51
362
379
541
583
635
676
791
938
997
400
523
934
89
100
103
371
537
742
784
661
41
282
347
622
695
100
267
288
48
78
126
184
374
379
423
778
690
752
366
659
271
693
463
268
276
303
428
447
621
663
683
862
944
946
802
898
973
567
903
854
854
224
537
614
163
976
262
312
48
516
371
384
537
158
453
36
681
593
134
959
1008
129
479
516
946
184
746
265
705
159
160
321
864
629
881
436
166
537
740
975
260
389
642
669
746
730
28
184
341
883
446
216
259
775
574
583
134
184
383
263
383
461
35
214
995
906
519
94
334
799
402
30
271
100
523
883
523
629
171
453
433
362
560
746
309
965
997
184
485
105
134
184
185
338
733
374
605
628
683
857
858
894
485
87
686
777
812
119
897
537
64
523
523
262
965
447
485
705
901
918
1012
851
164
184
537
371
24
898
973
485
705
831
157
134
168
1005
94
334
689
799
76
752
438
676
865
907
912
926
992
158
384
453
411
583
90
962
110
267
110
110
110
413
9
33
75
100
103
183
303
371
385
397
438
537
583
676
746
791
869
881
312
219
277
318
702
160
309
296
219
269
277
318
702
899
400
934
831
888
901
918
1012
171
583
587
636
701
857
877
384
456
102
299
105
838
839
898
973
543
463
980
276
402
906
744
646
739
785
897
184
788
777
508
271
272
305
412
590
813
30
462
216
463
859
980
184
267
695
134
168
184
1005
164
752
1010
271
272
541
785
98
159
160
161
608
864
374
605
846
354
740
58
184
276
303
985
848
100
371
777
428
663
944
41
119
184
276
303
379
447
985
746
13
73
423
265
7
762
776
267
162
260
370
381
389
568
802
823
549
89
597
676
1012
50
330
732
199
134
581
87
386
686
777
812
574
583
156
618
237
128
463
538
142
284
463
784
57
22
328
438
552
785
267
9
75
88
183
249
328
379
385
397
438
473
537
661
702
777
785
791
843
869
881
288
169
85
355
738
42
229
236
328
452
777
596
216
259
271
389
506
275
516
744
767
883
1008
667
153
643
153
504
570
582
836
523
629
271
272
865
513
316
105
189
219
220
277
318
597
676
702
1012
54
160
153
581
590
813
328
363
438
583
676
791
170
163
976
913
59
851
981
419
415
307
621
460
354
740
201
925
248
546
338
340
377
755
897
151
897
994
198
595
640
619
633
907
912
926
992
304
817
102
428
663
944
785
199
389
371
802
319
857
166
319
153
31
390
683
990
276
953
460
675
864
661
203
279
263
383
422
802
37
479
768
802
830
833
938
557
69
276
562
271
272
374
730
911
295
114
193
164
13
89
126
374
379
423
661
778
881
676
164
752
11
289
78
609
629
803
554
647
681
790
641
938
803
389
214
283
635
328
315
281
482
614
777
306
762
776
161
608
371
458
1012
255
857
858
894
184
304
817
357
830
164
752
87
686
777
812
85
86
541
571
823
739
897
906
536
786
830
366
777
26
150
271
272
865
41
167
902
298
831
938
485
777
963
328
676
201
901
918
1012
549
940
507
925
203
491
546
683
506
520
69
537
746
913
48
239
291
76
874
968
594
802
883
897
994
41
102
184
199
206
324
370
428
663
715
944
681
790
271
272
909
350
916
374
605
304
817
157
76
469
31
67
303
683
985
24
485
374
423
485
102
428
663
944
151
466
509
851
828
907
912
926
992
398
644
32
410
879
278
391
493
800
901
536
9
299
397
791
869
219
277
318
702
865
536
142
284
184
220
277
318
702
864
390
271
696
759
831
595
184
357
577
391
927
276
625
249
328
888
777
947
142
284
344
752
769
517
389
381
47
85
86
288
571
823
931
13
33
89
164
165
346
423
778
866
881
85
419
962
275
12
119
145
217
419
604
735
996
12
217
224
299
604
996
12
217
419
457
527
596
604
730
779
996
419
907
912
926
992
48
622
794
978
303
683
985
502
594
647
124
414
948
71
744
250
184
259
845
981
700
954
171
832
142
199
219
220
269
277
284
318
702
899
162
389
537
652
800
802
941
984
72
37
258
371
479
438
597
676
881
1012
676
965
981
276
629
701
501
536
883
785
802
273
285
978
31
36
67
210
683
800
391
162
381
389
669
303
683
809
981
497
85
653
654
94
334
799
400
934
219
277
318
722
810
267
389
661
49
464
734
490
184
102
199
206
324
370
428
663
715
944
164
752
536
881
845
777
1012
590
828
1008
341
9
75
183
397
438
661
791
869
881
108
209
142
284
51
362
379
583
590
635
676
845
88
598
730
862
946
275
786
830
37
326
71
779
385
534
965
885
417
430
76
881
391
105
12
217
559
604
758
996
821
523
832
499
35
931
995
1008
224
276
371
438
614
676
35
995
508
374
379
544
597
676
1012
704
85
142
284
802
504
570
37
88
962
218
245
341
617
32
212
834
648
37
255
802
862
71
779
801
937
184
865
776
373
502
36
489
463
980
162
370
381
389
568
1012
134
168
1005
167
316
89
184
883
931
263
360
404
751
776
762
776
162
336
381
389
1
46
947
951
225
438
523
567
818
278
288
696
759
831
901
572
32
234
345
215
777
758
391
927
457
338
409
406
374
88
157
503
842
1006
729
962
142
284
407
236
318
529
707
791
76
690
407
236
629
701
739
857
858
894
833
271
272
73
676
270
615
766
383
896
65
236
777
954
699
883
411
540
701
967
432
678
686
48
153
184
368
391
366
791
319
577
739
89
126
379
415
56
147
903
278
493
563
489
538
940
507
925
394
982
593
963
199
219
277
318
676
702
98
482
371
958
1003
609
629
717
466
281
482
134
168
1005
362
758
812
577
646
739
897
326
102
199
206
324
370
428
663
715
944
670
802
788
219
269
277
318
702
899
184
778
105
348
741
888
537
697
849
867
511
981
70
100
522
299
590
777
963
593
861
73
537
778
501
883
267
529
572
18
114
303
541
578
624
625
259
466
559
800
391
549
1006
538
78
400
934
609
161
608
551
326
525
791
385
264
613
172
474
512
521
337
997
18
73
114
303
541
590
813
938
946
232
786
830
371
913
996
739
835
981
633
740
372
727
37
157
258
423
635
636
184
78
89
184
187
199
374
379
423
778
315
502
200
142
284
947
951
297
154
232
236
278
288
391
701
800
100
983
157
577
646
739
785
657
262
621
995
309
1014
50
330
732
470
1008
864
305
412
437
448
590
938
997
250
394
538
839
940
438
117
438
134
655
705
265
596
705
777
881
808
267
292
250
391
636
839
927
940
29
422
482
655
705
64
400
481
934
70
111
37
371
831
360
434
739
78
184
629
653
157
965
29
112
151
276
768
802
830
852
853
134
881
549
621
830
157
559
581
583
759
877
384
456
25
184
426
588
271
272
865
581
514
606
114
371
271
19
100
216
537
666
471
733
768
102
199
206
324
370
428
663
944
126
362
379
134
168
1005
157
845
9
75
183
299
397
791
869
881
84
209
235
823
1008
661
702
861
267
218
289
384
946
341
510
733
883
288
367
438
447
705
758
771
827
362
73
114
541
299
465
58
457
1015
25
426
588
134
545
647
586
171
574
583
701
710
720
438
541
938
997
911
90
160
883
856
990
990
362
115
443
949
713
267
740
898
973
162
661
521
438
940
41
184
276
303
391
537
985
184
276
303
985
37
103
371
660
958
1002
1003
371
990
142
184
284
669
881
759
276
447
676
883
408
523
544
740
832
199
796
880
1013
997
121
661
379
739
785
538
940
681
790
463
980
510
883
683
632
117
691
184
776
278
391
493
683
800
48
278
897
746
361
249
391
438
758
758
13
492
711
102
199
206
324
370
428
663
944
439
463
754
203
164
184
199
537
677
12
217
219
236
269
277
318
604
702
777
899
996
271
914
411
597
676
1012
134
184
271
631
635
855
865
985
289
965
123
203
73
345
839
511
519
436
690
396
800
276
962
249
288
438
447
655
705
758
396
463
624
216
7
758
212
469
830
834
836
7
738
796
655
705
744
975
533
777
947
126
267
374
379
537
271
828
457
310
270
615
766
681
790
733
757
461
857
858
894
294
328
702
24
65
633
897
184
898
973
102
199
206
324
370
428
663
715
944
232
345
567
647
674
85
354
740
965
123
164
203
271
272
292
865
263
739
881
345
473
676
51
134
223
831
164
165
199
219
220
269
277
318
346
595
702
866
899
98
466
265
661
314
2
366
100
123
151
203
292
876
184
112
857
858
894
102
199
216
259
497
784
906
989
1006
979
316
516
531
744
831
845
212
213
349
160
184
287
457
133
251
371
510
635
883
993
994
508
617
105
321
597
676
1012
407
993
37
349
888
85
86
391
571
823
402
746
935
578
656
691
320
270
615
766
239
73
114
541
85
621
675
769
962
737
37
94
334
799
457
24
963
19
232
345
567
19
100
103
184
229
328
371
438
537
676
184
85
86
571
823
85
262
37
258
278
303
366
479
541
897
916
938
997
85
571
162
370
381
389
568
590
813
271
272
865
922
743
506
520
965
164
752
990
177
507
925
24
384
456
391
549
733
823
726
677
457
475
791
986
303
541
590
938
997
9
75
183
299
397
791
869
881
380
501
536
883
69
224
384
456
673
621
538
549
940
264
859
876
800
223
276
437
438
485
701
831
10
510
994
1013
222
24
184
24
153
219
269
277
318
581
702
899
25
426
588
451
25
426
588
25
426
588
25
426
588
636
701
184
710
720
25
184
426
588
661
701
516
541
701
636
701
153
232
437
438
665
701
705
827
935
938
985
835
315
29
268
881
437
448
620
693
48
537
848
538
134
271
272
552
785
865
232
938
164
881
557
422
270
615
766
463
102
199
206
324
370
428
663
944
990
250
541
839
940
85
86
541
571
823
337
70
907
912
926
992
212
254
834
836
450
56
147
417
430
676
696
759
831
698
19
371
473
702
108
252
433
892
1008
442
73
182
184
345
538
549
940
676
811
821
745
683
733
94
334
689
799
201
615
750
437
448
510
76
299
836
303
683
985
466
381
288
299
408
803
934
37
249
328
537
702
264
371
613
857
317
360
19
473
784
791
861
997
676
791
362
535
657
34
328
702
653
654
881
786
830
88
538
940
261
981
105
294
348
741
653
654
744
288
963
776
164
653
654
752
865
164
219
277
318
595
702
271
272
865
407
37
258
271
272
278
865
897
985
270
615
766
791
841
267
13
164
165
346
379
423
537
595
778
866
590
657
752
577
812
577
739
537
223
493
767
37
224
303
366
479
541
590
614
683
800
831
852
853
938
997
142
284
89
545
791
868
575
268
831
660
958
1002
473
198
705
372
727
848
789
775
12
217
371
559
604
996
144
9
33
75
183
397
406
791
869
881
504
570
666
313
424
362
463
791
986
590
813
105
184
457
184
422
907
912
926
992
429
661
597
676
1012
503
842
841
184
428
681
790
85
86
114
691
823
85
571
934
119
130
483
835
962
267
276
391
394
423
447
538
549
621
652
940
289
843
593
506
61
37
946
675
856
990
289
128
299
538
800
927
315
184
523
832
300
371
391
212
213
349
806
247
906
953
686
11
184
411
507
925
250
839
940
19
845
538
922
940
254
502
73
37
258
655
705
1012
24
773
820
438
773
777
820
303
683
985
73
1014
157
537
250
402
635
668
839
227
437
448
666
98
198
88
164
298
398
938
134
168
1005
76
740
883
111
289
371
990
134
548
854
508
981
270
615
766
981
642
394
878
888
818
366
394
691
857
309
739
758
85
571
758
549
578
621
624
625
506
250
827
839
940
701
705
975
94
334
799
521
126
379
328
450
914
982
265
800
1
46
694
981
275
744
379
423
778
865
51
143
379
791
845
312
391
853
927
164
653
654
866
56
147
267
934
212
834
782
102
199
206
324
370
428
663
944
371
479
653
654
898
973
270
615
766
117
328
411
874
111
199
219
220
269
277
289
291
318
702
800
899
965
219
277
318
702
340
841
702
683
151
466
509
578
759
888
184
196
730
963
292
394
423
184
130
483
134
168
184
1005
830
647
800
219
277
318
702
903
693
25
426
588
501
981
406
754
574
583
874
25
426
588
114
303
366
479
541
938
31
232
303
479
516
541
938
149
384
456
219
269
277
318
702
899
176
590
875
453
171
384
453
514
606
364
273
153
581
27
574
583
153
160
400
29
184
103
479
796
660
958
1002
1003
270
615
766
994
270
615
766
965
463
316
64
436
914
739
979
357
391
100
164
752
990
14
15
259
20
106
997
30
726
87
184
495
25
99
100
426
522
561
588
319
370
934
18
114
303
328
437
438
541
827
940
270
615
766
208
184
437
983
314
316
19
103
328
371
438
784
993
990
362
962
59
746
644
549
621
843
621
371
267
387
77
216
259
914
102
199
206
324
370
428
663
681
790
944
1014
661
275
744
369
559
271
272
865
828
19
328
438
507
925
50
330
732
285
619
961
184
184
31
319
390
85
86
571
823
338
340
377
423
11
157
535
583
271
272
547
899
31
236
463
549
683
701
162
184
370
381
389
568
669
134
168
1005
240
1
46
694
1
46
694
653
654
105
990
102
428
663
944
667
769
232
436
914
565
507
925
745
776
822
142
284
312
51
583
635
661
791
119
155
249
265
705
827
940
170
873
875
581
693
752
582
990
758
876
223
581
874
417
430
301
914
831
854
199
759
537
740
962
37
71
88
288
744
862
702
946
264
475
613
822
701
94
334
507
689
799
925
557
594
381
142
184
284
391
549
827
940
102
428
663
944
85
501
536
597
676
1012
387
831
578
656
411
590
938
997
87
686
777
812
384
946
25
426
588
304
817
12
217
604
996
390
442
44
402
935
675
37
157
219
328
702
848
898
973
26
802
823
26
150
315
548
533
916
659
338
908
751
292
775
210
67
338
488
589
319
319
636
642
9
75
183
299
397
791
869
881
9
299
397
791
869
648
371
888
463
583
935
40
528
472
728
537
164
752
292
328
438
37
366
659
437
448
372
672
857
858
894
118
463
601
930
259
734
784
906
989
536
374
379
423
778
128
457
12
203
217
604
996
594
104
105
990
990
581
877
730
385
24
219
269
277
318
581
702
899
557
94
334
799
679
519
873
158
453
516
366
11
289
275
37
105
162
370
381
389
568
85
1008
843
881
466
537
999
275
529
485
557
54
223
965
997
366
728
58
90
394
411
411
540
541
946
9
75
183
299
397
791
869
881
14
100
835
580
368
184
203
278
777
897
76
264
319
738
802
897
386
212
213
349
549
281
482
212
834
836
371
356
153
158
453
731
793
411
583
874
968
58
121
581
43
740
582
364
516
386
478
24
219
269
277
318
432
676
678
686
702
811
821
899
140
149
489
581
171
453
650
163
976
177
24
337
124
414
948
244
642
901
1012
215
777
128
538
9
75
183
299
397
791
869
881
41
268
840
997
184
379
423
778
1006
689
997
768
374
423
778
746
278
371
529
768
768
550
597
676
1012
85
823
361
56
147
696
759
831
11
479
785
77
259
264
613
627
784
806
906
184
543
85
257
676
888
74
686
792
463
590
938
997
89
126
379
832
299
338
366
76
407
544
199
219
220
277
318
702
675
805
653
654
33
89
881
221
391
884
134
271
272
865
123
132
203
292
303
328
361
391
883
885
897
760
781
85
86
823
85
506
571
823
184
236
276
303
698
701
985
85
593
88
164
537
216
319
350
666
216
319
18
73
114
303
541
730
983
941
73
114
541
37
89
184
224
374
379
423
831
312
897
184
89
126
379
48
37
258
278
897
808
644
537
802
437
985
328
363
371
437
438
676
577
739
897
73
114
126
184
374
379
423
541
778
617
831
267
175
463
425
368
50
732
471
105
661
746
578
656
151
626
914
394
744
374
253
688
1
46
368
271
272
865
271
272
865
102
846
581
153
25
153
426
588
384
583
158
453
24
153
362
558
609
89
126
379
597
676
1012
591
326
48
954
865
446
24
158
453
36
710
720
24
514
606
657
463
802
184
133
508
676
811
821
463
479
549
940
201
830
533
672
981
31
390
17
609
630
857
372
727
370
934
374
709
835
384
456
710
720
61
464
29
422
384
456
475
561
348
466
749
929
257
285
201
21
679
384
232
946
312
184
681
790
309
851
41
564
163
976
474
337
557
407
846
25
426
588
330
865
870
224
614
981
268
540
224
995
360
222
599
271
272
865
115
443
949
990
713
289
1
46
694
391
879
30
726
863
472
854
201
479
184
276
303
410
705
901
985
276
897
582
612
457
466
538
521
897
112
366
523
677
628
538
338
853
917
466
338
409
733
184
265
501
831
305
374
778
88
164
537
777
865
1012
508
707
162
370
381
389
568
747
9
37
75
183
255
299
397
479
791
869
881
946
19
371
102
381
702
881
289
171
384
294
328
859
953
249
268
897
478
85
86
778
823
985
184
149
516
541
938
997
514
581
606
161
608
162
370
381
389
568
167
523
832
24
153
574
583
153
161
608
171
479
516
701
453
158
453
516
199
271
272
857
858
894
514
606
574
583
384
456
171
384
423
453
778
37
862
158
453
184
946
303
581
683
425
199
1011
35
76
144
249
391
758
661
991
997
47
669
823
162
345
389
839
691
483
31
184
232
278
391
493
683
800
852
853
938
506
647
674
31
390
360
371
549
940
996
929
457
475
527
918
357
959
105
199
219
277
318
683
702
962
883
157
48
164
752
27
318
919
328
411
438
874
997
155
898
973
483
590
785
535
657
461
285
758
328
859
25
184
426
588
365
328
411
438
473
874
623
25
426
561
588
791
328
438
985
371
298
938
1
46
95
139
270
615
766
225
621
934
934
20
129
590
657
916
938
997
12
217
371
457
559
604
996
1
85
67
962
259
559
784
906
371
523
641
832
342
345
271
272
865
730
778
954
963
642
579
802
268
701
391
426
1008
830
33
881
319
367
941
368
262
453
153
803
470
969
124
414
948
931
262
946
328
438
384
907
912
926
992
158
453
480
514
606
181
252
237
160
785
483
661
9
75
183
299
397
791
869
881
406
881
997
329
884
705
881
106
740
134
168
1005
768
448
630
857
303
541
666
938
997
590
938
997
303
541
590
938
997
427
448
88
537
965
224
325
614
877
85
463
64
947
887
733
102
85
102
199
206
324
370
428
663
944
990
19
100
103
134
229
303
328
371
437
438
676
835
990
142
284
29
216
362
738
338
708
752
806
201
270
615
766
271
288
903
473
881
828
18
303
541
473
271
272
89
615
864
224
267
614
835
981
229
328
400
523
934
549
916
100
881
78
609
100
87
173
686
777
812
301
177
263
305
276
506
520
125
394
681
790
177
985
222
265
383
533
109
675
824
160
94
334
689
799
88
207
219
277
303
318
362
385
411
438
537
583
635
676
702
881
328
990
9
75
183
397
791
869
881
100
151
648
396
328
23
184
14
15
972
973
523
44
360
105
705
738
769
839
871
134
419
137
635
806
9
33
75
89
164
183
219
277
397
702
791
869
881
87
386
33
881
138
87
686
777
812
888
328
411
438
541
874
938
985
997
285
219
275
479
786
830
1008
510
946
723
47
85
86
571
823
931
94
334
689
799
29
479
687
849
184
506
520
668
676
821
930
676
13
1009
271
272
865
271
272
77
593
627
581
906
299
37
730
862
828
199
366
716
121
184
913
140
317
360
463
681
790
144
225
621
934
200
32
523
590
629
416
809
890
164
165
346
866
288
479
278
391
493
830
853
541
938
997
105
597
862
931
677
897
71
744
19
100
103
328
371
438
537
661
784
996
506
520
357
705
546
201
256
876
501
661
368
464
160
212
213
349
985
128
275
392
516
559
744
825
945
289
291
437
438
411
263
925
276
303
394
423
538
541
621
652
683
940
371
648
777
971
406
881
10
423
778
644
163
976
469
772
37
224
614
184
630
634
151
31
199
219
277
318
390
702
41
853
160
102
199
206
324
370
428
663
944
57
184
647
674
482
163
976
268
623
271
232
278
479
590
677
683
938
997
252
374
203
371
609
89
239
457
752
56
147
250
323
362
89
271
272
308
703
267
366
37
164
219
224
277
595
614
702
778
981
29
133
312
438
232
328
363
437
438
827
938
985
925
965
232
938
836
769
934
925
733
823
883
800
76
31
199
390
626
37
37
417
430
537
271
115
443
949
167
108
198
473
783
24
164
184
199
211
219
220
236
269
276
277
303
318
485
676
702
830
899
985
312
541
666
904
96
173
366
381
175
476
319
263
540
590
460
413
881
134
168
184
752
1005
24
88
479
485
702
963
184
362
590
813
508
463
319
85
973
741
56
147
164
417
430
595
696
759
831
981
947
85
309
628
665
691
701
812
1
636
639
623
410
283
501
283
635
636
85
86
571
823
19
100
103
134
184
229
271
328
363
371
437
438
631
635
676
855
527
56
147
428
538
681
790
940
94
334
799
115
443
949
708
328
245
267
617
849
73
114
476
541
417
430
94
334
689
799
925
681
790
78
374
379
423
778
154
881
758
276
328
340
377
199
553
590
813
938
997
184
371
527
73
69
389
483
354
403
740
777
978
433
1007
417
430
691
374
457
621
620
925
337
537
707
821
881
394
88
164
303
328
363
371
437
438
537
541
676
702
777
845
866
938
985
997
134
990
101
839
940
691
590
959
73
760
981
10
552
438
621
270
615
766
328
438
661
391
134
168
555
850
1005
345
839
633
151
626
299
341
312
115
443
949
315
370
934
177
178
590
593
134
907
912
926
992
37
212
213
349
479
621
917
946
235
1
85
86
823
433
551
114
193
997
801
937
660
958
1002
1003
461
907
912
926
992
776
3
677
85
549
457
609
636
212
213
220
277
318
349
702
661
7
99
100
771
934
232
437
938
85
37
68
184
258
541
923
292
350
990
297
924
730
862
916
379
151
234
702
802
881
184
309
448
689
309
863
199
219
220
277
318
702
763
98
159
160
198
321
44
541
9
33
75
183
397
791
869
881
733
314
506
164
775
58
366
73
157
184
423
778
643
783
831
394
423
410
469
502
438
856
990
249
391
538
758
940
232
683
332
358
450
392
714
825
559
629
542
1013
134
168
1005
350
916
940
548
554
69
114
541
164
199
219
220
269
277
318
702
899
9
299
397
411
759
791
869
590
142
284
406
746
881
832
507
925
203
267
741
636
701
102
199
206
324
370
428
663
944
283
249
661
702
388
802
898
973
199
219
277
318
702
485
164
866
164
165
198
866
609
629
959
71
744
128
661
274
370
609
934
965
379
267
447
529
998
276
37
862
56
147
383
705
1008
270
615
766
305
412
224
614
643
209
995
194
830
134
168
1005
50
330
732
978
581
250
541
839
940
597
676
1012
667
13
9
75
183
299
397
791
869
881
85
86
114
823
31
390
527
303
541
701
938
394
693
134
184
37
105
647
31
114
390
683
742
800
990
1
46
167
263
383
802
396
624
981
990
366
164
552
58
271
272
371
865
523
567
1014
368
184
898
973
271
272
812
629
71
779
534
629
717
133
41
268
411
452
540
777
840
990
102
428
663
944
254
836
37
142
258
284
246
539
862
156
288
367
985
224
24
164
219
277
318
702
752
164
199
219
220
269
277
318
702
899
184
187
730
977
134
615
236
271
272
701
262
666
468
367
800
941
47
85
86
823
931
9
299
397
791
869
85
801
937
381
389
778
3
1000
67
538
940
146
305
187
728
513
705
709
835
990
26
195
892
58
736
225
822
328
134
271
272
631
635
855
865
267
243
433
629
267
305
412
88
777
540
217
250
549
559
839
940
996
249
845
806
128
279
289
916
78
184
946
354
740
763
806
101
110
121
184
816
58
78
609
58
85
86
823
74
686
792
909
328
438
507
925
577
791
590
666
36
595
85
883
24
304
817
105
184
963
532
642
967
30
470
508
726
969
134
168
1005
914
614
73
865
173
578
656
349
209
493
802
786
888
734
91
548
134
590
709
259
535
657
110
16
29
304
817
681
790
31
501
683
800
883
883
677
802
897
623
94
334
689
799
752
438
747
167
245
259
559
617
784
897
906
989
394
630
803
243
162
362
978
835
29
934
1
46
184
410
541
694
923
730
743
371
262
41
102
199
206
324
370
428
663
944
290
696
759
831
184
89
423
661
702
276
985
219
259
269
277
318
702
899
24
219
269
277
318
702
899
775
888
219
277
702
717
746
963
267
78
541
576
983
857
219
269
277
318
702
899
289
291
271
272
865
943
134
328
676
791
881
134
428
663
944
990
102
428
663
944
9
75
183
397
791
869
881
463
479
549
9
75
183
299
397
791
869
881
249
289
391
463
479
516
549
934
85
437
448
541
751
590
813
705
871
186
619
874
100
673
673
740
1011
126
379
219
269
277
318
676
702
899
317
360
428
198
226
794
797
529
105
309
348
741
752
31
134
263
540
953
143
579
73
299
24
219
277
318
702
881
134
168
1005
546
502
666
20
438
94
334
689
799
438
102
199
206
324
370
428
663
944
299
696
759
831
934
975
88
946
78
184
374
379
423
778
47
85
86
571
823
931
981
154
738
208
423
778
76
157
475
791
986
746
304
817
60
463
980
239
291
1006
661
759
991
897
824
423
778
62
288
367
408
523
536
832
62
157
288
367
537
857
776
754
157
184
534
696
802
965
538
754
276
562
357
37
232
278
391
683
938
756
234
536
965
289
373
471
795
216
538
940
982
438
705
184
271
272
441
566
289
549
621
681
790
163
134
990
374
643
777
778
965
676
621
897
990
271
272
865
920
389
162
370
381
389
568
271
272
662
686
830
535
142
284
535
888
407
590
938
997
535
98
830
942
87
686
777
812
502
199
219
277
318
702
705
438
676
881
997
299
209
802
823
142
284
705
85
271
272
37
105
493
683
800
270
615
766
481
691
802
897
26
150
278
154
232
259
962
184
374
423
778
164
219
220
269
277
318
702
752
899
318
554
184
437
271
457
650
95
139
276
10
159
160
759
849
267
527
822
134
168
1005
876
216
391
739
981
301
100
103
371
537
784
881
19
87
554
686
777
812
381
476
50
337
732
951
67
981
276
416
629
162
370
381
389
568
448
1004
85
86
245
571
823
73
114
541
423
366
864
151
360
366
404
9
75
183
397
791
869
881
446
681
790
479
201
270
615
766
643
851
219
220
277
318
702
203
845
982
513
560
112
541
9
75
183
397
791
869
881
164
752
164
516
883
938
997
374
457
644
9
75
183
299
397
791
869
881
371
357
896
231
623
77
163
845
976
676
934
907
912
926
992
590
508
707
688
696
759
831
162
370
381
389
568
417
430
590
666
851
263
739
881
223
739
249
391
802
661
199
276
562
381
389
796
366
164
31
37
232
258
278
391
493
683
800
852
853
897
938
219
277
318
702
366
457
899
167
681
790
1008
696
791
831
338
733
507
925
128
659
77
526
376
283
660
958
1002
637
440
379
85
86
571
823
224
614
629
643
814
510
994
232
288
444
894
24
263
383
357
791
463
73
345
723
288
117
982
530
51
583
590
881
903
90
653
654
746
854
881
384
456
115
443
949
115
443
949
3
196
264
288
595
881
898
973
164
595
866
629
366
394
9
37
299
397
791
869
285
117
212
213
349
44
151
319
402
276
710
720
963
73
114
541
96
898
973
163
976
271
272
865
25
426
588
246
539
1008
540
151
100
105
597
881
751
1007
463
767
457
848
22
356
134
168
1005
110
197
162
370
381
389
568
332
450
184
212
213
349
374
805
213
962
1012
353
829
816
893
197
514
606
480
514
606
24
153
24
158
384
453
739
151
1008
157
492
514
606
153
140
800
661
171
701
877
24
153
541
666
666
904
24
153
581
295
303
985
103
371
516
302
490
663
873
990
270
615
766
733
883
9
299
397
777
791
869
46
739
897
562
884
271
272
308
626
329
438
447
705
884
920
283
865
769
134
184
508
134
168
1005
164
752
9
299
397
791
869
405
661
305
217
839
202
825
271
272
509
516
683
946
268
901
918
1012
379
785
408
1008
394
162
370
381
389
568
305
328
411
37
225
802
918
985
184
276
303
985
907
912
926
992
823
1004
998
53
550
270
615
766
829
25
426
588
590
133
251
510
635
883
993
994
505
110
249
538
549
940
362
212
318
431
527
834
1009
3
361
219
232
269
277
318
485
702
777
899
946
963
164
328
537
702
881
28
77
337
947
1004
379
785
435
1
46
115
443
949
25
153
338
426
588
158
384
453
153
33
114
152
283
303
541
635
881
938
428
533
663
944
262
384
456
877
24
219
269
277
318
702
899
386
24
169
963
386
946
110
447
749
65
652
802
852
853
151
466
509
651
18
303
541
590
666
851
610
391
927
162
381
389
777
262
249
298
338
938
457
621
751
73
865
418
1
46
37
660
862
958
1002
1003
87
686
777
812
916
78
374
777
778
184
18
303
541
238
990
913
828
374
80
687
849
857
85
802
823
1008
250
394
396
538
827
839
940
85
86
571
823
888
655
705
681
790
821
701
37
862
952
1003
9
75
183
224
299
328
397
614
702
791
869
881
165
346
866
245
617
729
844
854
876
821
990
223
303
366
379
541
938
263
470
508
969
133
255
791
986
292
557
1012
9
299
397
791
869
26
408
523
832
124
414
948
925
289
934
593
857
858
894
12
217
354
604
740
996
203
718
371
391
738
201
983
751
549
621
940
374
379
423
778
642
179
134
168
1005
157
184
328
534
702
841
965
981
267
305
822
119
268
962
225
447
541
590
666
938
997
751
775
852
642
305
412
163
976
13
78
89
126
184
232
374
379
423
683
777
778
946
70
857
102
423
653
271
272
549
940
36
832
401
590
785
854
803
202
250
323
26
371
417
430
696
759
831
746
854
401
433
990
990
705
965
93
374
410
605
164
752
576
983
199
219
277
318
343
702
466
67
184
210
276
303
683
985
223
263
759
438
829
271
383
360
76
751
881
809
259
981
19
832
776
216
232
259
964
981
259
105
590
746
832
938
997
77
167
121
171
453
574
583
701
85
962
629
630
634
857
283
513
630
634
800
23
410
631
635
645
675
855
881
963
865
184
492
538
549
758
940
1
46
29
88
506
223
802
278
391
493
3
288
537
800
946
157
848
184
681
790
65
558
723
157
9
299
397
791
869
267
729
987
863
105
121
597
676
1012
105
305
411
874
572
222
802
305
412
463
646
463
754
996
527
696
759
831
965
158
384
453
24
171
184
219
269
277
318
423
453
702
778
899
514
606
857
165
866
778
244
256
354
740
806
824
115
443
949
88
162
370
381
389
568
669
18
303
541
590
666
851
164
752
518
134
877
795
25
426
588
873
301
914
681
790
305
412
232
278
391
493
683
800
802
897
938
250
12
217
559
604
996
463
466
559
800
267
391
590
705
827
938
997
925
164
223
294
85
86
823
888
849
85
501
883
729
903
888
782
288
402
526
184
266
278
897
536
360
203
954
314
579
791
821
88
791
881
58
852
71
275
479
538
596
744
786
830
946
271
272
865
391
87
686
777
812
705
835
535
157
635
164
255
595
379
423
778
262
594
691
408
162
370
381
389
568
299
653
654
105
739
523
832
899
702
37
862
738
595
432
678
686
184
423
778
78
609
362
514
606
13
98
523
582
309
579
119
288
485
676
25
426
588
23
451
171
384
423
453
158
384
453
456
153
582
9
299
397
791
869
153
158
453
661
454
485
100
864
932
87
686
777
812
259
672
981
981
786
830
653
654
198
888
905
76
259
943
162
381
389
630
634
883
85
593
963
163
976
643
31
390
696
759
831
184
752
174
249
701
162
370
381
389
568
41
223
438
1
46
629
360
85
86
823
212
278
743
834
202
644
91
379
92
157
99
100
523
698
29
84
114
510
635
669
802
823
844
873
993
994
1008
271
272
865
80
403
791
1012
163
931
976
162
370
381
389
568
652
802
276
549
683
733
903
501
536
629
561
575
668
184
199
219
277
318
702
410
100
288
410
537
932
48
650
48
105
741
12
217
604
996
58
784
450
587
934
353
889
195
892
653
654
653
172
383
85
777
267
271
836
387
374
605
801
937
161
608
503
842
226
997
841
649
209
24
164
590
138
198
783
366
299
541
549
621
256
537
201
309
268
371
438
479
537
621
862
946
791
865
874
968
997
37
37
463
457
681
790
37
632
862
374
379
831
167
309
648
729
777
170
163
653
654
976
154
696
9
75
134
164
177
183
267
397
438
540
595
791
866
869
881
990
786
830
862
362
385
881
48
374
379
423
1009
529
666
328
438
142
284
303
37
142
258
267
271
284
417
430
696
759
831
874
372
672
100
1
47
85
86
184
214
341
501
510
802
823
883
931
89
126
379
184
280
527
593
87
686
777
812
381
389
873
590
9
75
183
299
397
791
869
881
791
685
523
865
279
965
740
501
883
328
438
229
328
363
371
438
507
702
925
9
299
397
791
869
978
455
516
114
839
107
537
29
100
523
629
48
153
492
839
297
399
734
371
597
676
1012
925
676
1000
705
1
46
694
170
590
813
739
37
479
746
945
48
37
726
402
402
48
829
590
946
162
259
370
381
389
568
669
981
163
976
25
426
588
836
328
438
368
371
457
235
1003
368
83
303
428
681
683
790
661
483
417
430
455
758
163
976
682
134
369
538
791
986
184
265
596
655
705
94
334
689
799
757
9
299
397
791
869
962
661
705
796
758
29
536
730
883
383
831
506
520
434
267
299
94
334
689
799
101
362
391
447
916
102
199
206
324
370
428
663
944
370
669
934
370
669
934
552
142
284
901
918
1012
7
327
676
965
164
537
541
730
776
203
739
184
666
476
371
164
752
436
914
12
217
371
604
996
85
593
1009
590
666
851
212
834
956
536
857
858
894
463
482
577
134
168
1005
259
964
981
965
1003
144
311
88
391
447
758
738
835
962
58
264
613
672
981
752
848
379
739
785
303
683
857
858
894
137
293
305
412
184
197
366
659
19
473
784
259
328
981
676
378
590
629
641
813
997
30
726
77
264
354
593
613
627
740
806
978
184
898
973
29
184
262
379
422
423
778
267
458
89
100
537
742
784
26
806
903
724
965
758
184
458
965
946
705
835
88
87
822
955
609
629
680
903
528
778
899
316
789
249
328
411
463
524
902
997
216
666
201
959
297
366
64
818
633
411
222
383
504
570
545
661
447
184
138
374
236
701
74
686
792
216
463
157
219
269
277
318
371
457
632
696
702
899
68
85
271
272
493
786
830
114
278
541
938
898
973
376
112
655
705
31
683
562
184
250
839
940
9
299
397
791
869
630
634
37
105
163
976
305
412
644
484
595
857
374
778
594
47
85
86
823
883
931
69
119
824
102
267
898
973
225
447
537
932
264
595
276
328
438
447
299
784
89
184
374
423
778
786
830
638
681
790
411
257
32
525
379
785
184
299
328
438
94
334
799
78
184
374
379
423
778
802
394
184
25
426
588
537
554
293
294
385
676
417
430
676
739
881
740
511
466
590
813
77
164
219
220
269
277
318
702
899
215
777
257
154
232
236
701
857
858
894
184
371
423
628
778
802
328
702
450
1008
58
533
158
453
716
74
686
792
85
883
153
385
737
24
219
269
277
318
597
676
702
899
1012
653
654
644
24
492
142
278
284
800
897
264
470
595
519
419
56
147
219
277
318
417
430
438
457
696
759
831
981
226
643
845
851
913
686
259
112
232
537
769
461
885
265
219
277
318
702
164
199
219
220
269
277
318
702
830
852
899
463
25
426
588
581
384
676
881
581
317
360
536
1009
61
739
293
635
676
997
87
686
777
812
87
202
457
881
164
752
892
841
962
88
184
423
628
778
184
423
463
479
549
831
965
822
126
379
903
303
371
423
541
590
778
938
997
41
164
165
346
866
199
41
184
187
990
288
367
236
278
367
391
701
800
27
155
249
705
852
853
738
270
615
766
509
294
418
134
524
631
635
855
865
902
985
394
982
366
659
190
158
453
384
181
663
873
990
199
428
663
944
428
663
944
803
963
877
516
661
108
134
548
184
222
802
134
153
171
701
874
149
271
272
865
786
37
105
581
581
158
171
384
453
299
384
456
963
572
24
472
297
924
661
232
259
1
438
552
154
786
171
516
844
384
479
516
25
426
588
190
391
831
144
901
918
1012
48
158
225
351
453
516
701
946
581
25
426
588
431
644
37
103
225
266
275
278
371
438
537
676
784
881
37
142
284
676
76
134
574
583
514
606
857
124
414
540
948
190
883
713
600
328
438
507
552
791
881
925
997
134
631
635
855
865
925
661
134
990
169
268
852
853
268
491
677
577
730
786
830
942
360
862
153
759
318
318
184
437
184
463
367
881
583
29
184
852
897
621
830
67
69
457
341
457
881
651
523
843
457
698
883
852
112
537
374
371
384
786
877
271
272
540
134
271
272
865
473
913
270
615
766
314
457
506
698
37
225
314
457
506
590
698
901
96
264
354
613
740
806
462
109
824
216
913
711
835
24
153
438
394
396
758
12
217
604
996
557
250
668
3
374
379
423
778
772
41
282
288
367
422
362
73
533
366
922
186
361
124
414
948
470
508
969
463
312
822
746
562
919
931
981
48
770
73
107
184
438
552
758
865
199
457
686
433
619
157
166
537
857
160
653
789
371
784
861
24
511
352
461
577
791
811
906
986
777
534
857
523
856
990
26
546
807
110
618
256
362
831
876
962
18
303
541
621
457
457
391
719
881
629
134
535
105
184
259
469
676
830
199
11
151
198
888
366
913
270
615
766
338
184
510
733
994
100
974
581
581
384
423
319
593
848
199
219
220
269
277
318
702
899
736
118
601
46
701
877
453
579
78
100
791
733
66
157
791
986
1006
366
440
661
506
520
271
272
845
602
151
360
366
404
708
861
341
328
438
379
785
285
421
738
686
134
271
272
865
384
386
61
990
7
529
142
284
436
560
622
98
198
232
759
946
438
730
609
803
249
447
485
223
536
848
554
534
965
157
184
946
391
506
829
37
538
940
112
134
271
411
631
635
855
865
902
985
467
307
103
371
87
686
777
812
880
203
975
437
438
758
331
433
619
29
162
389
360
209
703
85
571
19
371
473
702
784
691
348
164
198
226
866
303
379
541
590
813
832
845
938
595
127
128
590
739
231
366
523
328
882
1008
24
909
40
184
648
104
489
393
857
581
176
590
875
581
171
636
701
153
184
265
379
423
655
705
778
371
831
85
962
89
255
366
423
488
659
778
506
13
134
657
31
78
353
629
422
653
164
653
654
381
389
535
460
105
930
506
520
676
696
821
930
87
686
777
812
271
272
119
778
275
18
184
303
541
590
644
813
923
938
997
119
276
702
777
972
502
535
374
605
431
596
600
407
696
759
831
963
105
348
741
580
153
134
199
836
25
426
588
171
574
583
701
874
184
865
877
288
438
665
701
454
696
759
831
567
832
1014
268
873
777
73
164
186
271
272
447
341
149
676
309
199
808
574
583
590
267
379
536
777
374
379
423
58
384
456
164
839
222
240
134
184
271
631
635
855
46
581
268
629
638
114
303
541
384
985
204
184
447
457
965
94
334
689
799
925
63
162
370
381
389
568
184
898
973
965
26
150
823
739
513
203
140
497
852
506
520
510
695
540
507
925
224
249
506
859
345
681
790
796
450
11
289
271
272
309
1014
549
621
219
277
318
702
199
219
220
269
277
318
702
899
212
371
834
610
220
277
318
702
661
991
746
541
669
413
801
937
94
334
799
516
549
758
771
128
457
963
851
831
915
1
1
752
597
676
1012
635
676
410
845
199
366
689
773
820
157
392
516
559
825
687
695
849
151
311
626
690
270
615
766
661
913
262
716
506
520
48
201
356
472
204
491
827
940
110
562
927
379
507
925
647
674
369
366
523
366
523
232
212
213
349
677
831
882
831
249
288
275
744
818
818
900
223
371
463
164
866
114
164
303
541
595
866
184
250
538
839
940
184
907
912
926
992
907
912
926
992
357
691
113
556
9
299
397
791
869
102
162
199
206
260
324
370
381
389
428
663
669
803
944
9
299
397
791
869
722
810
510
994
328
363
438
112
232
437
438
665
683
701
705
827
438
115
443
949
940
102
151
199
206
276
303
324
370
428
466
509
663
683
944
198
831
38
457
510
590
813
249
155
249
265
288
705
1
46
694
661
134
271
272
631
635
855
865
341
483
270
615
766
449
590
239
861
391
506
927
104
105
297
831
124
414
948
270
615
766
270
615
766
58
830
115
443
949
105
936
270
615
766
758
242
85
510
733
823
9
299
397
791
869
9
299
397
791
869
359
134
657
184
423
778
126
171
184
268
379
423
438
463
590
636
746
778
832
726
212
469
830
834
485
916
105
345
839
52
498
362
726
990
309
685
94
334
799
671
504
570
115
270
443
615
766
949
647
915
990
371
385
742
100
103
184
212
213
349
371
438
537
676
784
881
105
666
485
883
379
791
903
379
98
362
610
803
304
817
652
338
888
134
199
236
271
272
463
701
865
981
1006
455
752
914
1
46
802
96
696
759
794
831
918
857
858
894
836
686
100
833
3
184
786
830
41
282
738
113
676
771
105
271
831
3
79
216
350
497
702
759
271
272
224
457
614
831
271
272
276
297
391
924
105
29
209
594
883
236
338
483
20
629
25
276
426
537
588
184
653
654
981
745
785
590
701
629
778
593
965
972
973
31
390
742
867
1011
288
410
541
636
701
932
938
997
271
272
662
595
841
328
348
702
597
676
1012
831
177
303
541
938
653
654
835
557
577
299
423
581
384
456
169
423
453
24
219
269
277
318
702
899
362
803
962
676
76
690
848
740
985
54
184
303
541
590
938
997
212
213
349
617
897
597
676
1012
383
973
438
777
43
162
370
381
389
568
537
701
298
669
938
1008
257
590
938
997
88
822
640
829
275
119
898
973
777
134
164
184
752
37
258
289
291
767
791
986
184
271
272
666
271
272
553
865
906
740
371
26
408
523
641
832
501
316
162
389
203
267
590
360
947
133
184
196
347
423
730
778
963
70
537
172
184
501
883
667
372
727
199
219
220
269
277
318
702
899
219
277
318
702
209
696
759
831
275
162
381
389
381
71
779
831
746
374
71
608
683
744
463
642
980
1012
256
537
740
362
854
958
590
666
851
653
654
873
848
739
785
202
730
777
963
590
916
938
997
702
955
981
299
947
262
268
105
362
768
411
28
184
423
485
730
778
29
463
479
549
852
862
853
271
914
595
596
203
786
830
28
391
447
37
549
529
597
676
1012
463
980
134
168
1005
222
646
739
839
897
48
236
701
328
348
371
438
702
749
470
508
969
902
100
103
278
371
438
537
676
768
881
583
635
85
541
100
369
786
830
160
243
223
234
676
13
423
210
87
686
777
812
164
223
437
438
831
48
501
883
138
162
370
381
389
568
677
897
24
98
864
212
213
349
379
653
654
9
33
75
89
183
397
791
869
881
494
22
212
834
746
881
636
749
800
696
759
831
696
759
831
590
786
830
791
986
289
291
134
168
1005
289
319
232
278
493
267
447
485
629
786
629
37
268
946
289
261
319
391
738
268
453
540
701
932
164
693
752
804
862
946
37
865
371
552
831
857
858
881
894
868
249
741
47
85
86
823
931
803
537
946
705
374
379
597
676
1012
835
746
881
105
56
147
194
593
956
362
523
641
832
824
37
862
417
430
262
76
43
372
727
283
746
525
341
198
783
134
168
1005
832
407
271
272
69
267
870
304
817
371
1011
751
482
103
371
374
778
803
78
298
777
938
1008
777
260
642
888
79
216
271
577
897
232
437
448
865
938
329
884
897
963
739
366
267
162
336
389
947
903
888
597
676
1012
315
965
40
162
389
843
541
730
385
739
407
78
29
661
906
257
590
938
997
157
791
848
986
105
839
164
199
595
13
164
165
346
423
866
898
973
501
536
883
275
857
858
894
271
272
391
739
283
184
47
85
262
691
823
931
85
86
823
271
272
746
865
557
807
371
746
341
305
412
33
881
97
556
119
271
830
1012
199
801
937
100
184
71
744
779
618
307
577
646
739
897
902
593
472
778
612
629
677
121
110
881
537
158
453
547
171
453
298
938
938
25
426
588
25
426
588
198
783
882
115
443
949
24
171
479
516
701
25
426
588
25
426
588
584
25
426
588
358
514
606
153
24
25
153
426
588
574
583
384
25
426
588
661
877
597
676
1012
584
384
456
24
219
269
277
318
702
899
581
836
653
654
89
184
374
379
423
777
778
791
23
66
276
453
648
449
294
418
37
616
862
958
1003
163
976
888
901
918
1012
589
41
997
978
273
24
219
269
277
318
702
899
653
654
877
582
859
145
13
78
89
126
162
184
374
379
381
389
423
669
778
590
666
916
224
614
536
385
661
874
158
171
384
453
456
41
48
153
455
25
426
478
581
588
153
384
581
25
426
588
24
219
269
277
318
702
899
661
702
268
540
985
163
947
976
881
265
288
264
740
857
738
162
544
232
438
705
786
676
231
1009
857
778
997
24
153
523
832
419
357
537
946
774
432
678
686
577
595
862
23
149
361
940
394
457
549
621
554
965
102
236
614
737
940
184
249
250
391
538
827
839
940
288
290
479
94
334
689
799
821
294
328
363
371
437
438
676
11
940
696
304
817
100
371
457
784
989
548
862
289
291
883
311
648
690
99
100
523
115
443
949
843
695
843
554
328
438
590
813
328
881
553
199
283
865
71
132
275
744
744
184
343
621
458
686
372
727
270
615
766
271
272
479
596
577
739
85
98
184
198
437
439
177
288
636
701
612
629
638
410
947
552
791
997
635
676
997
48
71
779
857
858
894
29
422
593
357
739
807
791
831
523
622
629
523
12
217
604
996
184
276
379
423
778
777
184
553
938
997
115
443
828
949
216
463
463
862
289
676
726
903
809
590
857
858
894
857
858
894
9
299
397
791
869
216
259
832
326
89
1
46
694
934
401
726
776
510
683
733
883
938
184
250
396
538
549
827
839
940
295
698
70
629
529
213
774
164
752
221
102
199
206
324
370
428
663
944
360
87
